-3.29731 0.52780
-4.46495 1.46155
-2.67054 1.03329
-4.70862 0.26212
-2.97949 1.70680
-2.34648 1.06441
-1.97736 -0.39749
-1.30826 1.98049
-2.41421 1.98328
-1.40343 0.81013
-3.99249 -0.27808
-2.15122 0.04660
-2.64848 1.49183
-2.34606 2.12917
-2.35026 1.28077
-3.70540 2.63756
-2.32059 0.34150
-2.86501 -0.40927
-1.92238 -0.40119
-2.09570 2.15331
-3.68040 0.53637
-2.71998 0.89915
-1.39947 1.68999
-3.31177 2.02539
-2.15112 -0.38121
-3.00749 0.50542
-2.86252 1.91120
-4.38760 0.79038
-2.15438 1.45449
-3.87358 1.36039
-2.51141 1.25375
-1.38649 1.10042
-4.48714 1.22838
-3.57891 1.69047
-2.87211 0.31187
-4.25268 1.69280
-3.96182 2.01732
-1.49057 3.54906
-2.87832 0.74346
-1.81403 -0.32813
2.34084 0.93578
0.43672 2.16183
2.55106 0.06028
1.28337 1.97128
2.68720 0.71037
2.28565 1.46466
2.52036 0.22584
1.79469 0.07168
1.82810 1.37412
1.90443 0.91386
3.14199 -0.46782
2.00525 0.37331
2.30519 1.00779
0.32864 2.80659
1.73372 1.20862
3.75875 -0.77929
2.89848 2.00954
2.29414 0.93944
1.57938 0.51537
1.23759 2.34485
0.91850 1.37709
0.16375 1.75038
2.30730 2.38942
2.69390 -0.13256
1.71313 0.89688
3.45620 -0.40309
3.16282 0.20403
3.44795 0.75262
2.59739 0.15314
0.77326 1.27331
2.29655 1.71596
3.55353 -0.41052
2.06320 1.54240
2.62900 -0.65182
1.63382 1.59623
1.90324 1.36512
2.71690 0.46300
1.45313 0.99353
0.46336 2.90367
3.35261 0.15595
2.83797 -0.91313
0.98574 -3.27378
0.98348 -2.88599
0.88837 -2.51181
2.36148 -1.87687
3.00732 -1.25067
2.02219 -1.86993
1.59600 -2.14242
1.75734 -1.78301
1.83123 -1.30858
1.51773 -2.75333
2.98114 -0.86629
2.10776 -1.66645
1.54423 -2.47880
3.07566 -1.40338
2.30549 -1.42369
1.98557 -2.40837
1.76807 -2.11008
2.84843 -1.10295
2.12324 -2.23820
1.55805 -2.26462
0.76395 -2.90281
3.50862 -0.78794
1.41021 -2.42732
0.88226 -1.89940
1.25674 -2.38416
0.95500 -2.83901
2.19130 -1.56869
2.80055 -1.27434
2.46631 -1.50780
0.00970 -4.58078
1.57737 -2.93262
2.29382 -1.36183
2.10693 -2.23388
2.59885 -1.18624
2.68695 -1.24460
2.05803 -2.14803
-0.21721 -4.01674
3.97019 0.02915
2.51868 -1.21176
