-4.511864960726752471e-01 5.468906874161340026e-01
-2.848106336275805228e-01 -1.151262434363059306e+00
-3.972366239283561251e-01 4.796476409534440877e-01
-4.551168170031031357e-01 1.005555646051011776e-01
-5.763452006610952916e-01 3.052641240496427044e-01
-3.541058869333438830e-01 -3.945702728903965895e-01
-5.624127887373074897e-01 6.735835739882036766e-01
-1.082269992179202278e-01 -1.100644763311589225e+00
-3.633723949897071925e-02 -8.216738060915788067e-01
-6.165584811742222948e-01 1.023963794858448739e-01
-2.082749619173354105e-01 -1.662406091975417555e+00
-4.711050802470955201e-01 5.337544282535888751e-02
-4.319554389060676902e-01 2.023411588818831708e-01
-7.440336170733896637e-02 -1.145557927628141792e+00
-9.289639418021130579e-01 -4.760431034284960949e-01
5.871292997015407078e-01 -3.026007157676926518e-01
5.202183974403257194e-01 -1.028628458015120151e+00
1.332619845547938109e+00 1.875000612130192978e+00
1.278156750949850373e+00 1.066148861051580798e+00
1.370012148246819272e+00 2.116781416756654988e+00
1.478618342232763894e+00 3.064131328415880429e+00
1.299158564216723599e+00 1.910997931165995922e+00
9.614793622529318462e-01 1.158377442666657986e+00
1.280529176286455462e+00 1.215027463215822445e+00
6.182744258689332195e-01 -4.995962711450067095e-01
1.139921021327523931e+00 5.564807378005353078e-01
6.433532874090464038e-01 -3.051591773536255214e-01
1.444668917049583889e+00 3.133935949527592690e+00
1.021848321750071786e+00 6.715413569056133403e-01
9.146619399905235870e-01 1.591657858986979202e+00
